Base	G	A	T	C	sample
1	17.259123100094108	32.948376993688996	30.108764449581013	19.68373545663589	RMNISTHS_30xdownsample
2	18.546748915184683	32.737959465054175	30.42927538715193	18.28601623260922	RMNISTHS_30xdownsample
3	18.507358812393026	31.380079274066414	30.809240968068362	19.3033209454722	RMNISTHS_30xdownsample
4	19.147571305504663	30.720085957184025	30.72600199828505	19.406340739026266	RMNISTHS_30xdownsample
5	19.68544177881685	30.990462059074364	30.638127562465574	18.685968599643207	RMNISTHS_30xdownsample
6	19.834745521864907	31.064960007658428	29.739463930108887	19.360830540367786	RMNISTHS_30xdownsample
7	19.783650569313576	30.860243221841284	30.350367451395968	19.005738757449173	RMNISTHS_30xdownsample
8	19.243112683806192	30.92472130543353	30.437812276820477	19.394353733939802	RMNISTHS_30xdownsample
9	19.244081413520476	30.55354349364326	30.813664541769747	19.38871055106653	RMNISTHS_30xdownsample
10	19.235026154302854	30.773821745091354	30.625807646288248	19.365344454317547	RMNISTHS_30xdownsample
11	19.235026154302854	30.773821745091354	30.625807646288248	19.365344454317547	RMNISTHS_30xdownsample
12	19.235026154302854	30.773821745091354	30.625807646288248	19.365344454317547	RMNISTHS_30xdownsample
13	19.235026154302854	30.773821745091354	30.625807646288248	19.365344454317547	RMNISTHS_30xdownsample
15	19.33900390952818	30.594082275593017	30.624198677550716	19.442715137328086	RMNISTHS_30xdownsample
16	19.33900390952818	30.594082275593017	30.624198677550716	19.442715137328086	RMNISTHS_30xdownsample
17	19.33900390952818	30.594082275593017	30.624198677550716	19.442715137328086	RMNISTHS_30xdownsample
18	19.33900390952818	30.594082275593017	30.624198677550716	19.442715137328086	RMNISTHS_30xdownsample
20	19.502247789240318	30.391392079741568	30.492649740452084	19.613710390566034	RMNISTHS_30xdownsample
21	19.502247789240318	30.391392079741568	30.492649740452084	19.613710390566034	RMNISTHS_30xdownsample
22	19.502247789240318	30.391392079741568	30.492649740452084	19.613710390566034	RMNISTHS_30xdownsample
23	19.502247789240318	30.391392079741568	30.492649740452084	19.613710390566034	RMNISTHS_30xdownsample
25	19.70086806476562	30.29820655258667	30.2954702918266	19.705455090821122	RMNISTHS_30xdownsample
26	19.70086806476562	30.29820655258667	30.2954702918266	19.705455090821122	RMNISTHS_30xdownsample
27	19.70086806476562	30.29820655258667	30.2954702918266	19.705455090821122	RMNISTHS_30xdownsample
28	19.70086806476562	30.29820655258667	30.2954702918266	19.705455090821122	RMNISTHS_30xdownsample
30	19.892969717893237	30.19629401707	30.15421372498341	19.756522540053343	RMNISTHS_30xdownsample
31	19.892969717893237	30.19629401707	30.15421372498341	19.756522540053343	RMNISTHS_30xdownsample
32	19.892969717893237	30.19629401707	30.15421372498341	19.756522540053343	RMNISTHS_30xdownsample
33	19.892969717893237	30.19629401707	30.15421372498341	19.756522540053343	RMNISTHS_30xdownsample
35	19.94199057539099	30.121397623140798	30.08966107931853	19.846950722149685	RMNISTHS_30xdownsample
36	19.94199057539099	30.121397623140798	30.08966107931853	19.846950722149685	RMNISTHS_30xdownsample
37	19.94199057539099	30.121397623140798	30.08966107931853	19.846950722149685	RMNISTHS_30xdownsample
38	19.94199057539099	30.121397623140798	30.08966107931853	19.846950722149685	RMNISTHS_30xdownsample
40	20.00729300184694	30.08641347542025	30.025882359761898	19.880411162970905	RMNISTHS_30xdownsample
41	20.00729300184694	30.08641347542025	30.025882359761898	19.880411162970905	RMNISTHS_30xdownsample
42	20.00729300184694	30.08641347542025	30.025882359761898	19.880411162970905	RMNISTHS_30xdownsample
43	20.00729300184694	30.08641347542025	30.025882359761898	19.880411162970905	RMNISTHS_30xdownsample
45	20.00987024214825	30.036396893052483	29.99911389097834	19.954618973820928	RMNISTHS_30xdownsample
46	20.00987024214825	30.036396893052483	29.99911389097834	19.954618973820928	RMNISTHS_30xdownsample
47	20.00987024214825	30.036396893052483	29.99911389097834	19.954618973820928	RMNISTHS_30xdownsample
48	20.00987024214825	30.036396893052483	29.99911389097834	19.954618973820928	RMNISTHS_30xdownsample
50	20.014329302261885	30.03667616647818	29.985996045176645	19.96299848608329	RMNISTHS_30xdownsample
51	20.014329302261885	30.03667616647818	29.985996045176645	19.96299848608329	RMNISTHS_30xdownsample
52	20.014329302261885	30.03667616647818	29.985996045176645	19.96299848608329	RMNISTHS_30xdownsample
53	20.014329302261885	30.03667616647818	29.985996045176645	19.96299848608329	RMNISTHS_30xdownsample
55	20.07413764163812	30.020045019352022	29.93378003281908	19.972037306190774	RMNISTHS_30xdownsample
56	20.07413764163812	30.020045019352022	29.93378003281908	19.972037306190774	RMNISTHS_30xdownsample
57	20.07413764163812	30.020045019352022	29.93378003281908	19.972037306190774	RMNISTHS_30xdownsample
58	20.07413764163812	30.020045019352022	29.93378003281908	19.972037306190774	RMNISTHS_30xdownsample
60	20.04586107689939	30.014637537525978	29.91677130641726	20.022730079157366	RMNISTHS_30xdownsample
61	20.04586107689939	30.014637537525978	29.91677130641726	20.022730079157366	RMNISTHS_30xdownsample
62	20.04586107689939	30.014637537525978	29.91677130641726	20.022730079157366	RMNISTHS_30xdownsample
63	20.04586107689939	30.014637537525978	29.91677130641726	20.022730079157366	RMNISTHS_30xdownsample
65	20.06639080747109	30.01214163674446	29.8989103494251	20.022557206359348	RMNISTHS_30xdownsample
66	20.06639080747109	30.01214163674446	29.8989103494251	20.022557206359348	RMNISTHS_30xdownsample
67	20.06639080747109	30.01214163674446	29.8989103494251	20.022557206359348	RMNISTHS_30xdownsample
68	20.06639080747109	30.01214163674446	29.8989103494251	20.022557206359348	RMNISTHS_30xdownsample
70	20.101557419647087	29.998491624139554	29.873665846367317	20.026285109846057	RMNISTHS_30xdownsample
71	20.101557419647087	29.998491624139554	29.873665846367317	20.026285109846057	RMNISTHS_30xdownsample
72	20.101557419647087	29.998491624139554	29.873665846367317	20.026285109846057	RMNISTHS_30xdownsample
73	20.101557419647087	29.998491624139554	29.873665846367317	20.026285109846057	RMNISTHS_30xdownsample
75	20.100836471637702	29.97264959612173	29.878388045784515	20.048125886456056	RMNISTHS_30xdownsample
76	20.100836471637702	29.97264959612173	29.878388045784515	20.048125886456056	RMNISTHS_30xdownsample
77	20.100836471637702	29.97264959612173	29.878388045784515	20.048125886456056	RMNISTHS_30xdownsample
78	20.100836471637702	29.97264959612173	29.878388045784515	20.048125886456056	RMNISTHS_30xdownsample
80	20.132116582702093	29.986568935275056	29.855509423392768	20.025805058630077	RMNISTHS_30xdownsample
81	20.132116582702093	29.986568935275056	29.855509423392768	20.025805058630077	RMNISTHS_30xdownsample
82	20.132116582702093	29.986568935275056	29.855509423392768	20.025805058630077	RMNISTHS_30xdownsample
83	20.132116582702093	29.986568935275056	29.855509423392768	20.025805058630077	RMNISTHS_30xdownsample
85	20.08775729039153	29.980876779149252	29.85900370453656	20.07236222592266	RMNISTHS_30xdownsample
86	20.08775729039153	29.980876779149252	29.85900370453656	20.07236222592266	RMNISTHS_30xdownsample
87	20.08775729039153	29.980876779149252	29.85900370453656	20.07236222592266	RMNISTHS_30xdownsample
88	20.08775729039153	29.980876779149252	29.85900370453656	20.07236222592266	RMNISTHS_30xdownsample
90	20.071162319764426	29.94072411510344	29.874660688187017	20.113452876945125	RMNISTHS_30xdownsample
91	20.071162319764426	29.94072411510344	29.874660688187017	20.113452876945125	RMNISTHS_30xdownsample
92	20.071162319764426	29.94072411510344	29.874660688187017	20.113452876945125	RMNISTHS_30xdownsample
93	20.071162319764426	29.94072411510344	29.874660688187017	20.113452876945125	RMNISTHS_30xdownsample
95	20.09190270110474	29.957187307933715	29.845455727003976	20.105454263957558	RMNISTHS_30xdownsample
96	20.09190270110474	29.957187307933715	29.845455727003976	20.105454263957558	RMNISTHS_30xdownsample
97	20.09190270110474	29.957187307933715	29.845455727003976	20.105454263957558	RMNISTHS_30xdownsample
98	20.09190270110474	29.957187307933715	29.845455727003976	20.105454263957558	RMNISTHS_30xdownsample
100	20.085844852167085	29.94680709451724	29.8556758036728	20.111672249642872	RMNISTHS_30xdownsample
101	20.085844852167085	29.94680709451724	29.8556758036728	20.111672249642872	RMNISTHS_30xdownsample
102	20.085844852167085	29.94680709451724	29.8556758036728	20.111672249642872	RMNISTHS_30xdownsample
103	20.085844852167085	29.94680709451724	29.8556758036728	20.111672249642872	RMNISTHS_30xdownsample
105	20.068855151345844	29.968774924085302	29.868580766760587	20.09378915780827	RMNISTHS_30xdownsample
106	20.068855151345844	29.968774924085302	29.868580766760587	20.09378915780827	RMNISTHS_30xdownsample
107	20.068855151345844	29.968774924085302	29.868580766760587	20.09378915780827	RMNISTHS_30xdownsample
108	20.068855151345844	29.968774924085302	29.868580766760587	20.09378915780827	RMNISTHS_30xdownsample
110	20.051498967494872	29.99749250620237	29.847910926522275	20.10309759978048	RMNISTHS_30xdownsample
111	20.051498967494872	29.99749250620237	29.847910926522275	20.10309759978048	RMNISTHS_30xdownsample
112	20.051498967494872	29.99749250620237	29.847910926522275	20.10309759978048	RMNISTHS_30xdownsample
113	20.051498967494872	29.99749250620237	29.847910926522275	20.10309759978048	RMNISTHS_30xdownsample
115	20.071627719119515	29.99148207649252	29.848628521882056	20.088261682505905	RMNISTHS_30xdownsample
116	20.071627719119515	29.99148207649252	29.848628521882056	20.088261682505905	RMNISTHS_30xdownsample
117	20.071627719119515	29.99148207649252	29.848628521882056	20.088261682505905	RMNISTHS_30xdownsample
118	20.071627719119515	29.99148207649252	29.848628521882056	20.088261682505905	RMNISTHS_30xdownsample
120	20.055190157480627	29.985612701974755	29.85326161653752	20.105935524007094	RMNISTHS_30xdownsample
121	20.055190157480627	29.985612701974755	29.85326161653752	20.105935524007094	RMNISTHS_30xdownsample
122	20.055190157480627	29.985612701974755	29.85326161653752	20.105935524007094	RMNISTHS_30xdownsample
123	20.055190157480627	29.985612701974755	29.85326161653752	20.105935524007094	RMNISTHS_30xdownsample
125	20.02941569486768	30.010481061850523	29.81957744200603	20.14052580127577	RMNISTHS_30xdownsample
126	20.02941569486768	30.010481061850523	29.81957744200603	20.14052580127577	RMNISTHS_30xdownsample
127	20.02941569486768	30.010481061850523	29.81957744200603	20.14052580127577	RMNISTHS_30xdownsample
128	20.02941569486768	30.010481061850523	29.81957744200603	20.14052580127577	RMNISTHS_30xdownsample
130	20.022931265581008	30.014147176246322	29.80626878348853	20.15665277468414	RMNISTHS_30xdownsample
131	20.022931265581008	30.014147176246322	29.80626878348853	20.15665277468414	RMNISTHS_30xdownsample
132	20.022931265581008	30.014147176246322	29.80626878348853	20.15665277468414	RMNISTHS_30xdownsample
133	20.022931265581008	30.014147176246322	29.80626878348853	20.15665277468414	RMNISTHS_30xdownsample
135	20.007970946114405	30.037737209392425	29.80443612850416	20.149855715989013	RMNISTHS_30xdownsample
136	20.007970946114405	30.037737209392425	29.80443612850416	20.149855715989013	RMNISTHS_30xdownsample
137	20.007970946114405	30.037737209392425	29.80443612850416	20.149855715989013	RMNISTHS_30xdownsample
138	20.007970946114405	30.037737209392425	29.80443612850416	20.149855715989013	RMNISTHS_30xdownsample
140	20.005131222639786	30.039094828695713	29.83467781775225	20.121096130912246	RMNISTHS_30xdownsample
141	20.005131222639786	30.039094828695713	29.83467781775225	20.121096130912246	RMNISTHS_30xdownsample
142	20.005131222639786	30.039094828695713	29.83467781775225	20.121096130912246	RMNISTHS_30xdownsample
143	20.005131222639786	30.039094828695713	29.83467781775225	20.121096130912246	RMNISTHS_30xdownsample
145	20.034035047542602	30.073002441252605	29.80087932121029	20.092083189994504	RMNISTHS_30xdownsample
146	20.034035047542602	30.073002441252605	29.80087932121029	20.092083189994504	RMNISTHS_30xdownsample
147	20.034035047542602	30.073002441252605	29.80087932121029	20.092083189994504	RMNISTHS_30xdownsample
