Base	G	A	T	C	sample
1	17.259123100094104	32.948376993688996	30.10876444958101	19.683735456635894	RMNISTHS_30xdownsample
2	18.546748915184683	32.737959465054175	30.42927538715193	18.28601623260922	RMNISTHS_30xdownsample
3	18.507358812393022	31.380079274066418	30.809240968068362	19.303320945472198	RMNISTHS_30xdownsample
4	19.147571305504663	30.720085957184022	30.726001998285046	19.406340739026266	RMNISTHS_30xdownsample
5	19.685441778816852	30.990462059074364	30.638127562465577	18.685968599643207	RMNISTHS_30xdownsample
6	19.834745521864907	31.064960007658428	29.739463930108883	19.360830540367786	RMNISTHS_30xdownsample
7	19.783650569313576	30.860243221841284	30.35036745139597	19.00573875744917	RMNISTHS_30xdownsample
8	19.24311268380619	30.92472130543353	30.43781227682048	19.394353733939802	RMNISTHS_30xdownsample
9	19.244081413520473	30.55354349364326	30.813664541769743	19.38871055106653	RMNISTHS_30xdownsample
10	19.235026154302858	30.77382174509135	30.625807646288244	19.365344454317544	RMNISTHS_30xdownsample
11	19.235026154302858	30.77382174509135	30.625807646288244	19.365344454317544	RMNISTHS_30xdownsample
12	19.235026154302858	30.77382174509135	30.625807646288244	19.365344454317544	RMNISTHS_30xdownsample
13	19.235026154302858	30.77382174509135	30.625807646288244	19.365344454317544	RMNISTHS_30xdownsample
15	19.33900390952818	30.59408227559302	30.62419867755072	19.442715137328083	RMNISTHS_30xdownsample
16	19.33900390952818	30.59408227559302	30.62419867755072	19.442715137328083	RMNISTHS_30xdownsample
17	19.33900390952818	30.59408227559302	30.62419867755072	19.442715137328083	RMNISTHS_30xdownsample
18	19.33900390952818	30.59408227559302	30.62419867755072	19.442715137328083	RMNISTHS_30xdownsample
20	19.502247789240315	30.391392079741568	30.492649740452084	19.613710390566034	RMNISTHS_30xdownsample
21	19.502247789240315	30.391392079741568	30.492649740452084	19.613710390566034	RMNISTHS_30xdownsample
22	19.502247789240315	30.391392079741568	30.492649740452084	19.613710390566034	RMNISTHS_30xdownsample
23	19.502247789240315	30.391392079741568	30.492649740452084	19.613710390566034	RMNISTHS_30xdownsample
25	19.70086806476562	30.298206552586667	30.295470291826597	19.705455090821122	RMNISTHS_30xdownsample
26	19.70086806476562	30.298206552586667	30.295470291826597	19.705455090821122	RMNISTHS_30xdownsample
27	19.70086806476562	30.298206552586667	30.295470291826597	19.705455090821122	RMNISTHS_30xdownsample
28	19.70086806476562	30.298206552586667	30.295470291826597	19.705455090821122	RMNISTHS_30xdownsample
30	19.892969717893237	30.196294017070002	30.154213724983414	19.756522540053346	RMNISTHS_30xdownsample
31	19.892969717893237	30.196294017070002	30.154213724983414	19.756522540053346	RMNISTHS_30xdownsample
32	19.892969717893237	30.196294017070002	30.154213724983414	19.756522540053346	RMNISTHS_30xdownsample
33	19.892969717893237	30.196294017070002	30.154213724983414	19.756522540053346	RMNISTHS_30xdownsample
35	19.94199057539099	30.121397623140794	30.08966107931853	19.846950722149685	RMNISTHS_30xdownsample
36	19.94199057539099	30.121397623140794	30.08966107931853	19.846950722149685	RMNISTHS_30xdownsample
37	19.94199057539099	30.121397623140794	30.08966107931853	19.846950722149685	RMNISTHS_30xdownsample
38	19.94199057539099	30.121397623140794	30.08966107931853	19.846950722149685	RMNISTHS_30xdownsample
40	20.00729300184694	30.086413475420255	30.0258823597619	19.880411162970905	RMNISTHS_30xdownsample
41	20.00729300184694	30.086413475420255	30.0258823597619	19.880411162970905	RMNISTHS_30xdownsample
42	20.00729300184694	30.086413475420255	30.0258823597619	19.880411162970905	RMNISTHS_30xdownsample
43	20.00729300184694	30.086413475420255	30.0258823597619	19.880411162970905	RMNISTHS_30xdownsample
45	20.00987024214825	30.03639689305248	29.99911389097834	19.95461897382093	RMNISTHS_30xdownsample
46	20.00987024214825	30.03639689305248	29.99911389097834	19.95461897382093	RMNISTHS_30xdownsample
47	20.00987024214825	30.03639689305248	29.99911389097834	19.95461897382093	RMNISTHS_30xdownsample
48	20.00987024214825	30.03639689305248	29.99911389097834	19.95461897382093	RMNISTHS_30xdownsample
50	20.014329302261885	30.03667616647818	29.985996045176645	19.96299848608329	RMNISTHS_30xdownsample
51	20.014329302261885	30.03667616647818	29.985996045176645	19.96299848608329	RMNISTHS_30xdownsample
52	20.014329302261885	30.03667616647818	29.985996045176645	19.96299848608329	RMNISTHS_30xdownsample
53	20.014329302261885	30.03667616647818	29.985996045176645	19.96299848608329	RMNISTHS_30xdownsample
55	20.07413764163812	30.020045019352022	29.93378003281908	19.972037306190778	RMNISTHS_30xdownsample
56	20.07413764163812	30.020045019352022	29.93378003281908	19.972037306190778	RMNISTHS_30xdownsample
57	20.07413764163812	30.020045019352022	29.93378003281908	19.972037306190778	RMNISTHS_30xdownsample
58	20.07413764163812	30.020045019352022	29.93378003281908	19.972037306190778	RMNISTHS_30xdownsample
60	20.045861076899392	30.014637537525978	29.91677130641726	20.022730079157366	RMNISTHS_30xdownsample
61	20.045861076899392	30.014637537525978	29.91677130641726	20.022730079157366	RMNISTHS_30xdownsample
62	20.045861076899392	30.014637537525978	29.91677130641726	20.022730079157366	RMNISTHS_30xdownsample
63	20.045861076899392	30.014637537525978	29.91677130641726	20.022730079157366	RMNISTHS_30xdownsample
65	20.06639080747109	30.01214163674446	29.8989103494251	20.022557206359348	RMNISTHS_30xdownsample
66	20.06639080747109	30.01214163674446	29.8989103494251	20.022557206359348	RMNISTHS_30xdownsample
67	20.06639080747109	30.01214163674446	29.8989103494251	20.022557206359348	RMNISTHS_30xdownsample
68	20.06639080747109	30.01214163674446	29.8989103494251	20.022557206359348	RMNISTHS_30xdownsample
70	20.101557419647083	29.998491624139547	29.873665846367313	20.02628510984606	RMNISTHS_30xdownsample
71	20.101557419647083	29.998491624139547	29.873665846367313	20.02628510984606	RMNISTHS_30xdownsample
72	20.101557419647083	29.998491624139547	29.873665846367313	20.02628510984606	RMNISTHS_30xdownsample
73	20.101557419647083	29.998491624139547	29.873665846367313	20.02628510984606	RMNISTHS_30xdownsample
75	20.100836471637702	29.972649596121727	29.878388045784515	20.048125886456056	RMNISTHS_30xdownsample
76	20.100836471637702	29.972649596121727	29.878388045784515	20.048125886456056	RMNISTHS_30xdownsample
77	20.100836471637702	29.972649596121727	29.878388045784515	20.048125886456056	RMNISTHS_30xdownsample
78	20.100836471637702	29.972649596121727	29.878388045784515	20.048125886456056	RMNISTHS_30xdownsample
80	20.132116582702096	29.986568935275056	29.855509423392768	20.02580505863008	RMNISTHS_30xdownsample
81	20.132116582702096	29.986568935275056	29.855509423392768	20.02580505863008	RMNISTHS_30xdownsample
82	20.132116582702096	29.986568935275056	29.855509423392768	20.02580505863008	RMNISTHS_30xdownsample
83	20.132116582702096	29.986568935275056	29.855509423392768	20.02580505863008	RMNISTHS_30xdownsample
85	20.08775729039153	29.980876779149252	29.85900370453656	20.07236222592266	RMNISTHS_30xdownsample
86	20.08775729039153	29.980876779149252	29.85900370453656	20.07236222592266	RMNISTHS_30xdownsample
87	20.08775729039153	29.980876779149252	29.85900370453656	20.07236222592266	RMNISTHS_30xdownsample
88	20.08775729039153	29.980876779149252	29.85900370453656	20.07236222592266	RMNISTHS_30xdownsample
90	20.071162319764426	29.94072411510344	29.874660688187017	20.113452876945125	RMNISTHS_30xdownsample
91	20.071162319764426	29.94072411510344	29.874660688187017	20.113452876945125	RMNISTHS_30xdownsample
92	20.071162319764426	29.94072411510344	29.874660688187017	20.113452876945125	RMNISTHS_30xdownsample
93	20.071162319764426	29.94072411510344	29.874660688187017	20.113452876945125	RMNISTHS_30xdownsample
95	20.09190270110474	29.95718730793372	29.845455727003976	20.10545426395756	RMNISTHS_30xdownsample
96	20.09190270110474	29.95718730793372	29.845455727003976	20.10545426395756	RMNISTHS_30xdownsample
97	20.09190270110474	29.95718730793372	29.845455727003976	20.10545426395756	RMNISTHS_30xdownsample
98	20.09190270110474	29.95718730793372	29.845455727003976	20.10545426395756	RMNISTHS_30xdownsample
100	20.085844852167085	29.94680709451724	29.8556758036728	20.111672249642872	RMNISTHS_30xdownsample
101	20.085844852167085	29.94680709451724	29.8556758036728	20.111672249642872	RMNISTHS_30xdownsample
102	20.085844852167085	29.94680709451724	29.8556758036728	20.111672249642872	RMNISTHS_30xdownsample
103	20.085844852167085	29.94680709451724	29.8556758036728	20.111672249642872	RMNISTHS_30xdownsample
105	20.068855151345844	29.968774924085306	29.868580766760584	20.09378915780827	RMNISTHS_30xdownsample
106	20.068855151345844	29.968774924085306	29.868580766760584	20.09378915780827	RMNISTHS_30xdownsample
107	20.068855151345844	29.968774924085306	29.868580766760584	20.09378915780827	RMNISTHS_30xdownsample
108	20.068855151345844	29.968774924085306	29.868580766760584	20.09378915780827	RMNISTHS_30xdownsample
110	20.051498967494872	29.997492506202374	29.847910926522275	20.10309759978048	RMNISTHS_30xdownsample
111	20.051498967494872	29.997492506202374	29.847910926522275	20.10309759978048	RMNISTHS_30xdownsample
112	20.051498967494872	29.997492506202374	29.847910926522275	20.10309759978048	RMNISTHS_30xdownsample
113	20.051498967494872	29.997492506202374	29.847910926522275	20.10309759978048	RMNISTHS_30xdownsample
115	20.071627719119515	29.99148207649252	29.84862852188206	20.088261682505905	RMNISTHS_30xdownsample
116	20.071627719119515	29.99148207649252	29.84862852188206	20.088261682505905	RMNISTHS_30xdownsample
117	20.071627719119515	29.99148207649252	29.84862852188206	20.088261682505905	RMNISTHS_30xdownsample
118	20.071627719119515	29.99148207649252	29.84862852188206	20.088261682505905	RMNISTHS_30xdownsample
120	20.05519015748063	29.985612701974755	29.85326161653752	20.105935524007094	RMNISTHS_30xdownsample
121	20.05519015748063	29.985612701974755	29.85326161653752	20.105935524007094	RMNISTHS_30xdownsample
122	20.05519015748063	29.985612701974755	29.85326161653752	20.105935524007094	RMNISTHS_30xdownsample
123	20.05519015748063	29.985612701974755	29.85326161653752	20.105935524007094	RMNISTHS_30xdownsample
125	20.029415694867676	30.010481061850523	29.81957744200603	20.14052580127577	RMNISTHS_30xdownsample
126	20.029415694867676	30.010481061850523	29.81957744200603	20.14052580127577	RMNISTHS_30xdownsample
127	20.029415694867676	30.010481061850523	29.81957744200603	20.14052580127577	RMNISTHS_30xdownsample
128	20.029415694867676	30.010481061850523	29.81957744200603	20.14052580127577	RMNISTHS_30xdownsample
130	20.022931265581008	30.014147176246325	29.806268783488527	20.15665277468414	RMNISTHS_30xdownsample
131	20.022931265581008	30.014147176246325	29.806268783488527	20.15665277468414	RMNISTHS_30xdownsample
132	20.022931265581008	30.014147176246325	29.806268783488527	20.15665277468414	RMNISTHS_30xdownsample
133	20.022931265581008	30.014147176246325	29.806268783488527	20.15665277468414	RMNISTHS_30xdownsample
135	20.007970946114412	30.037737209392425	29.804436128504157	20.14985571598901	RMNISTHS_30xdownsample
136	20.007970946114412	30.037737209392425	29.804436128504157	20.14985571598901	RMNISTHS_30xdownsample
137	20.007970946114412	30.037737209392425	29.804436128504157	20.14985571598901	RMNISTHS_30xdownsample
138	20.007970946114412	30.037737209392425	29.804436128504157	20.14985571598901	RMNISTHS_30xdownsample
140	20.005131222639783	30.03909482869571	29.834677817752258	20.121096130912246	RMNISTHS_30xdownsample
141	20.005131222639783	30.03909482869571	29.834677817752258	20.121096130912246	RMNISTHS_30xdownsample
142	20.005131222639783	30.03909482869571	29.834677817752258	20.121096130912246	RMNISTHS_30xdownsample
143	20.005131222639783	30.03909482869571	29.834677817752258	20.121096130912246	RMNISTHS_30xdownsample
145	20.034035047542602	30.0730024412526	29.80087932121029	20.092083189994504	RMNISTHS_30xdownsample
146	20.034035047542602	30.0730024412526	29.80087932121029	20.092083189994504	RMNISTHS_30xdownsample
147	20.034035047542602	30.0730024412526	29.80087932121029	20.092083189994504	RMNISTHS_30xdownsample
